0 0.509637 0.672056 0.319648 0.655889
0 0.753055 0.780479 0.093578 0.439042
0 0.882383 0.808514 0.087266 0.382972
0 0.951781 0.763771 0.036797 0.278514
0 0.717301 0.688069 0.055727 0.190667
0 0.356121 0.770312 0.077805 0.362653
0 0.287250 0.867396 0.064141 0.265208
0 0.071172 0.803965 0.082016 0.385069
0 0.135063 0.705500 0.048875 0.229278
0 0.198945 0.712389 0.039297 0.241889
0 0.113379 0.651243 0.031695 0.165264
0 0.163031 0.606542 0.012672 0.051833
0 0.264445 0.687681 0.018594 0.185556
0 0.635023 0.705965 0.032250 0.163347
