0 0.608289 0.792611 0.137531 0.414778
0 0.943504 0.755708 0.112992 0.488583
0 0.841082 0.776910 0.098414 0.446181
0 0.740770 0.803826 0.089586 0.392347
0 0.399465 0.797097 0.206930 0.405806
0 0.293477 0.747840 0.121125 0.423958
0 0.091219 0.812799 0.182438 0.374403
0 0.509758 0.725153 0.127781 0.397222
0 0.771898 0.646618 0.060609 0.211597
0 0.683199 0.678965 0.042664 0.128458
0 0.657977 0.586340 0.023234 0.075125
0 0.592480 0.551035 0.024086 0.058597
0 0.558676 0.578451 0.022398 0.131458
0 0.709953 0.580701 0.017328 0.113431
0 0.726430 0.586313 0.036766 0.061542
