0 0.251766 0.871715 0.038734 0.193431
0 0.292230 0.876229 0.027117 0.179042
0 0.329906 0.870590 0.035563 0.190319
0 0.351738 0.854938 0.021477 0.181542
0 0.379914 0.854313 0.023594 0.169014
0 0.221805 0.820507 0.015141 0.080125
0 0.197152 0.815812 0.020070 0.084514
0 0.169863 0.824264 0.016195 0.090139
0 0.458293 0.864514 0.022008 0.175278
0 0.499086 0.885389 0.034922 0.223278
0 0.548824 0.877292 0.044023 0.244667
0 0.684543 0.887521 0.043430 0.194597
0 0.614410 0.815215 0.026117 0.103819
0 0.724891 0.868444 0.044609 0.261333
0 0.770668 0.873646 0.046367 0.243625
0 0.815125 0.888694 0.060156 0.222611
0 0.852098 0.897118 0.044898 0.189375
0 0.908148 0.903042 0.057813 0.193917
0 0.961848 0.866340 0.053695 0.262403
