0 0.354594 0.722597 0.095391 0.554806
0 0.219840 0.715722 0.092367 0.519500
0 0.120363 0.666042 0.039430 0.162000
0 0.462621 0.701861 0.040305 0.258583
0 0.517820 0.690958 0.052578 0.277278
0 0.595805 0.694854 0.047312 0.288181
0 0.665422 0.710437 0.042844 0.250792
0 0.726363 0.701083 0.045570 0.275722
0 0.828883 0.689403 0.047312 0.214972
0 0.878824 0.703424 0.026289 0.158875
0 0.907305 0.715104 0.011391 0.135514
0 0.167805 0.647194 0.028391 0.115389
0 0.015031 0.701632 0.030062 0.298569
0 0.984711 0.715465 0.030578 0.192819
0 0.769336 0.676701 0.023438 0.100708
