0 0.536703 0.631049 0.023328 0.098264
0 0.808988 0.748042 0.313336 0.503917
0 0.565680 0.838236 0.208187 0.323528
0 0.302285 0.861604 0.209242 0.276792
0 0.362223 0.751243 0.095680 0.328986
0 0.437078 0.715340 0.058344 0.178486
0 0.432754 0.895979 0.060852 0.208042
0 0.491066 0.754556 0.045633 0.262333
0 0.521238 0.666660 0.042086 0.117181
0 0.254008 0.694160 0.083672 0.132514
0 0.606664 0.641132 0.025531 0.051653
0 0.590379 0.643736 0.024648 0.054778
0 0.570715 0.644785 0.025242 0.054764
0 0.713035 0.652611 0.036977 0.102778
