0 0.074438 0.469028 0.148875 0.938056
0 0.575984 0.693125 0.258656 0.613750
0 0.719824 0.703653 0.228383 0.518167
0 0.789855 0.587007 0.206930 0.558542
0 0.634656 0.345875 0.113563 0.345444
0 0.878176 0.421021 0.133742 0.473292
0 0.956754 0.304375 0.086492 0.280389
0 0.467473 0.144896 0.061820 0.289792
0 0.254867 0.186396 0.080750 0.372792
0 0.685469 0.087139 0.045641 0.174278
0 0.791039 0.103368 0.040156 0.206736
0 0.875012 0.115806 0.093711 0.231611
0 0.611230 0.041167 0.023727 0.082333
0 0.555250 0.056313 0.041984 0.112625
0 0.382805 0.061181 0.041375 0.122361
0 0.367227 0.066049 0.040766 0.132097
0 0.319461 0.061715 0.031641 0.123431
0 0.171293 0.092007 0.050508 0.184014
0 0.208719 0.077944 0.041375 0.155889
0 0.643531 0.041882 0.035781 0.083764
0 0.719836 0.066542 0.040891 0.133083
0 0.760359 0.080819 0.060609 0.161639
