0 0.728113 0.715569 0.104273 0.568861
0 0.856043 0.607167 0.037680 0.292889
0 0.907305 0.609493 0.056078 0.285069
0 0.616578 0.585625 0.028875 0.193444
0 0.643414 0.507500 0.022187 0.130222
0 0.583020 0.560083 0.033102 0.217861
0 0.546578 0.564785 0.031344 0.222236
0 0.508898 0.560708 0.023594 0.194056
0 0.464531 0.614861 0.043313 0.303611
0 0.422449 0.614549 0.045070 0.335542
0 0.358539 0.614861 0.053172 0.272306
0 0.332301 0.541306 0.033102 0.199083
0 0.258527 0.614549 0.048242 0.270431
0 0.226488 0.607347 0.029227 0.246028
0 0.187750 0.632701 0.044016 0.226625
0 0.156938 0.542868 0.027469 0.224736
0 0.131516 0.580937 0.036969 0.247903
0 0.201129 0.493729 0.047539 0.145236
0 0.049539 0.556639 0.040844 0.266056
0 0.069785 0.545375 0.021477 0.208472
0 0.010156 0.541618 0.020313 0.239764
