0 0.116160 0.780681 0.176117 0.438639
0 0.602027 0.874924 0.113914 0.250153
0 0.637813 0.850556 0.136406 0.298889
0 0.724574 0.835771 0.041070 0.203736
0 0.767418 0.842986 0.038539 0.178500
0 0.881512 0.878222 0.058820 0.243556
0 0.954277 0.869208 0.067445 0.261583
0 0.987406 0.844340 0.025188 0.231681
0 0.824469 0.850201 0.039047 0.180292
0 0.494359 0.790250 0.025859 0.119889
0 0.520219 0.820000 0.038031 0.154139
0 0.361508 0.833069 0.037016 0.176694
0 0.250488 0.809181 0.026414 0.153028
0 0.272102 0.818312 0.015406 0.157375
0 0.287754 0.824181 0.013445 0.149111
0 0.304508 0.821139 0.021031 0.158667
