0 0.143762 0.709569 0.133180 0.580861
0 0.328645 0.712681 0.087617 0.559056
0 0.448297 0.703674 0.110406 0.567014
0 0.421965 0.673826 0.093758 0.521847
0 0.612543 0.691743 0.094633 0.573236
0 0.685707 0.785201 0.063961 0.345819
0 0.755367 0.694854 0.080609 0.523403
0 0.828969 0.542194 0.052578 0.299083
0 0.787348 0.495472 0.058711 0.277278
0 0.726891 0.518056 0.056953 0.213417
0 0.695348 0.504035 0.039430 0.207181
0 0.571355 0.532854 0.061336 0.308431
0 0.495500 0.465201 0.031094 0.121875
0 0.520602 0.488681 0.017750 0.130722
0 0.390453 0.444736 0.020281 0.099917
0 0.236344 0.504306 0.026203 0.208833
0 0.273406 0.499576 0.020281 0.199069
0 0.216359 0.435715 0.027891 0.108931
0 0.049445 0.550285 0.051547 0.332042
0 0.108816 0.422944 0.056195 0.151000
0 0.176848 0.408299 0.034227 0.078125
0 0.015852 0.464639 0.028312 0.199833
