0 0.344227 0.785250 0.056219 0.251833
0 0.424398 0.787986 0.059875 0.262222
0 0.269602 0.741250 0.033594 0.173944
0 0.211918 0.751632 0.042352 0.158375
0 0.498879 0.758771 0.042352 0.167458
0 0.154598 0.749042 0.035773 0.163556
0 0.569344 0.750986 0.032859 0.175250
0 0.606582 0.751639 0.032852 0.179139
0 0.658602 0.782861 0.039547 0.232583
0 0.702973 0.767083 0.039039 0.251500
0 0.635027 0.784660 0.031945 0.214542
0 0.889828 0.810299 0.082141 0.379403
0 0.756215 0.743194 0.043102 0.158667
0 0.951699 0.769333 0.041602 0.227167
0 0.536937 0.720431 0.015844 0.092333
0 0.299836 0.706861 0.018781 0.069389
0 0.112188 0.694097 0.021406 0.066806
0 0.072270 0.698778 0.024352 0.075111
