0 0.154242 0.694118 0.187156 0.611764
0 0.290406 0.634972 0.091484 0.553306
0 0.393516 0.630458 0.066937 0.384028
0 0.428199 0.541208 0.036508 0.320194
0 0.368262 0.519576 0.037117 0.231486
0 0.471402 0.555278 0.048680 0.305056
0 0.510039 0.543910 0.056594 0.275847
0 0.603746 0.603951 0.048070 0.367792
0 0.571191 0.568792 0.051117 0.301806
0 0.673117 0.568257 0.084578 0.365625
0 0.791465 0.558514 0.035289 0.287750
0 0.838930 0.627750 0.023125 0.168750
0 0.872094 0.567174 0.054156 0.263958
0 0.913164 0.555278 0.053547 0.248806
0 0.981531 0.587188 0.036937 0.388347
0 0.747352 0.498486 0.028594 0.206611
0 0.239871 0.487118 0.045633 0.164431
