0 0.311004 0.659986 0.113914 0.388139
0 0.204250 0.622736 0.067172 0.315444
0 0.171391 0.614292 0.048188 0.285583
0 0.042516 0.622750 0.073750 0.325778
0 0.558758 0.639611 0.054766 0.289472
0 0.451051 0.590931 0.026289 0.150583
0 0.429148 0.585736 0.021906 0.140194
0 0.494496 0.588333 0.025555 0.150583
0 0.471863 0.589632 0.028477 0.158375
0 0.656965 0.587028 0.027742 0.145389
0 0.610887 0.599549 0.032867 0.167458
0 0.727004 0.595646 0.024352 0.134597
0 0.867273 0.612597 0.026703 0.162250
0 0.901164 0.610507 0.034047 0.163292
0 0.765738 0.611028 0.046070 0.177889
0 0.796109 0.587562 0.026406 0.098597
0 0.956145 0.606722 0.027117 0.138361
