0 0.844039 0.710833 0.063281 0.339667
0 0.738039 0.712236 0.052938 0.346167
0 0.770598 0.607306 0.036508 0.190389
0 0.795238 0.591083 0.043195 0.209861
0 0.921500 0.615417 0.035297 0.137389
0 0.900203 0.593243 0.025562 0.097347
0 0.659852 0.664097 0.064500 0.358056
0 0.590180 0.684111 0.043203 0.296389
0 0.515031 0.625694 0.021906 0.190389
0 0.490687 0.654903 0.034078 0.153611
0 0.472438 0.575396 0.023125 0.111431
0 0.451133 0.577472 0.020297 0.130417
0 0.397309 0.671618 0.055773 0.325431
0 0.320688 0.655750 0.051219 0.320028
0 0.359277 0.597694 0.019273 0.197417
0 0.212480 0.604007 0.024852 0.220847
0 0.249750 0.570653 0.020281 0.163167
0 0.270031 0.572458 0.022313 0.137917
0 0.296145 0.595444 0.029914 0.169472
