0 0.479312 0.686604 0.083969 0.458236
0 0.590297 0.677514 0.104406 0.523139
0 0.680477 0.622347 0.052578 0.290778
0 0.753496 0.628833 0.054039 0.298556
0 0.808258 0.643764 0.049656 0.276500
0 0.893328 0.634674 0.057688 0.297264
0 0.941746 0.613639 0.028461 0.111111
0 0.353238 0.614132 0.033836 0.175042
0 0.218430 0.588215 0.036344 0.130708
0 0.417242 0.583333 0.021547 0.105917
0 0.087859 0.638313 0.067469 0.327125
0 0.012898 0.645319 0.024625 0.334917
0 0.138734 0.582132 0.020250 0.156514
0 0.155168 0.585000 0.020836 0.145556
