0 0.846527 0.696097 0.056773 0.400028
0 0.773977 0.707319 0.071500 0.362639
0 0.735074 0.719465 0.037852 0.256097
0 0.688285 0.724139 0.076758 0.336472
0 0.564211 0.648438 0.049422 0.271042
0 0.510582 0.673674 0.036805 0.175708
0 0.378098 0.736292 0.095680 0.521528
0 0.458535 0.749917 0.077805 0.500167
0 0.319215 0.775549 0.087273 0.443014
0 0.058453 0.731618 0.043109 0.355153
0 0.103137 0.700771 0.037852 0.282264
0 0.157816 0.690500 0.052570 0.317778
0 0.221430 0.677410 0.030500 0.216847
0 0.265066 0.683951 0.027336 0.211236
0 0.934383 0.671076 0.030641 0.146486
0 0.981188 0.722229 0.037625 0.230375
0 0.610594 0.676840 0.011266 0.088264
