0 0.896648 0.719507 0.183203 0.560986
0 0.960059 0.597826 0.079883 0.489903
0 0.112570 0.806986 0.225141 0.386028
0 0.115367 0.344674 0.089328 0.689347
0 0.580957 0.258535 0.051477 0.517069
0 0.735750 0.194861 0.046000 0.389722
0 0.793070 0.143583 0.040891 0.287167
0 0.863535 0.170340 0.032852 0.277792
0 0.947871 0.142937 0.030664 0.285875
0 0.916109 0.146979 0.035781 0.282986
0 0.829215 0.106083 0.021180 0.175250
0 0.710926 0.163201 0.050383 0.268708
0 0.669668 0.141139 0.045273 0.276500
0 0.634984 0.165146 0.048922 0.306347
0 0.612715 0.111924 0.033586 0.197319
0 0.500266 0.216424 0.062797 0.411514
0 0.423234 0.178778 0.054766 0.333611
0 0.326699 0.161562 0.034320 0.323125
0 0.358613 0.110486 0.036508 0.220972
0 0.274641 0.165153 0.046734 0.285583
0 0.234113 0.157354 0.044539 0.288181
0 0.019688 0.170653 0.039375 0.341306
0 0.057773 0.197597 0.049656 0.285583
