0 0.950937 0.768917 0.080609 0.462167
0 0.853066 0.773438 0.083242 0.453125
0 0.807937 0.630208 0.021031 0.200944
0 0.964418 0.620368 0.033805 0.194569
0 0.765645 0.606806 0.031695 0.176611
0 0.727617 0.622549 0.036766 0.233625
0 0.690430 0.630437 0.032531 0.196819
0 0.646484 0.612778 0.028313 0.173528
0 0.577184 0.606021 0.027461 0.161514
0 0.538094 0.702826 0.078859 0.504958
0 0.434914 0.796694 0.089812 0.406611
0 0.335609 0.734389 0.123406 0.531222
0 0.189562 0.740910 0.119000 0.492347
0 0.043023 0.601215 0.037609 0.244903
0 0.083969 0.582958 0.038031 0.223861
0 0.125594 0.605493 0.027469 0.196819
0 0.130660 0.506333 0.031695 0.079639
0 0.250457 0.567937 0.023664 0.159264
0 0.270320 0.562299 0.027047 0.164514
0 0.479699 0.610757 0.034227 0.199819
0 0.439344 0.563431 0.038031 0.138222
0 0.391809 0.588222 0.042680 0.171278
