0 0.909879 0.710174 0.180242 0.579653
0 0.830805 0.505660 0.036000 0.245208
0 0.882121 0.516292 0.038539 0.230778
0 0.925477 0.538382 0.034984 0.229875
0 0.677996 0.702715 0.172617 0.594569
0 0.522371 0.727875 0.140211 0.544250
0 0.275723 0.683958 0.107773 0.556111
0 0.406586 0.475819 0.036000 0.141528
0 0.455012 0.498368 0.026367 0.166736
0 0.361957 0.495625 0.027883 0.193750
0 0.106195 0.520833 0.024937 0.207333
0 0.149934 0.458854 0.014367 0.126958
0 0.215852 0.496042 0.022812 0.171278
0 0.193664 0.481396 0.028312 0.158514
0 0.182891 0.460736 0.018594 0.153250
0 0.318957 0.509937 0.027039 0.230625
0 0.341352 0.467118 0.021969 0.160014
0 0.386109 0.469187 0.022188 0.148375
0 0.556965 0.436694 0.017258 0.050083
0 0.572457 0.474569 0.026414 0.112056
0 0.496574 0.432000 0.017602 0.073250
0 0.522980 0.418854 0.014086 0.069486
0 0.740074 0.493347 0.039789 0.178417
0 0.711375 0.488653 0.031688 0.157750
