0 0.806363 0.664319 0.062039 0.343944
0 0.959773 0.583937 0.028734 0.127708
0 0.990047 0.594528 0.019906 0.138222
0 0.713883 0.579125 0.038031 0.120944
0 0.757406 0.577243 0.025359 0.129208
0 0.499855 0.570111 0.033383 0.238139
0 0.416188 0.617813 0.061266 0.332042
0 0.301250 0.612556 0.067187 0.353083
0 0.359352 0.558472 0.032109 0.139722
0 0.334645 0.555458 0.030867 0.138222
0 0.175961 0.495368 0.010984 0.126208
0 0.157578 0.491611 0.012250 0.120194
0 0.194977 0.489354 0.012672 0.093153
0 0.128844 0.519028 0.026625 0.173528
0 0.099266 0.532174 0.027469 0.162264
0 0.068633 0.494611 0.028734 0.151750
0 0.026496 0.596028 0.052992 0.330528
0 0.014031 0.448410 0.028063 0.108931
0 0.082832 0.446854 0.010273 0.041736
