0 0.475660 0.765132 0.097117 0.466014
0 0.626883 0.761236 0.090547 0.459528
0 0.139848 0.700229 0.045273 0.293375
0 0.172707 0.721653 0.032133 0.271306
0 0.347953 0.726194 0.037969 0.246639
0 0.401254 0.724889 0.039430 0.251833
0 0.966437 0.774653 0.067125 0.363472
0 0.936832 0.743611 0.037727 0.265028
0 0.907625 0.720354 0.023125 0.177403
0 0.880547 0.720889 0.032250 0.187139
0 0.812398 0.709535 0.029813 0.162264
0 0.749723 0.698715 0.023727 0.131986
0 0.838824 0.687174 0.012023 0.081875
0 0.853254 0.693944 0.013242 0.094556
0 0.866906 0.694299 0.012016 0.099625
