0 0.907125 0.717514 0.185750 0.564972
0 0.866121 0.470229 0.081492 0.213403
0 0.715410 0.588618 0.155086 0.652681
0 0.275773 0.500000 0.225609 1.000000
0 0.615961 0.585507 0.101641 0.683847
0 0.494602 0.561354 0.144578 0.486014
0 0.220168 0.340007 0.063086 0.130847
0 0.146215 0.549049 0.091133 0.506264
0 0.083566 0.451694 0.083242 0.457972
0 0.059469 0.221931 0.061328 0.176028
0 0.031430 0.202458 0.057828 0.180694
0 0.513793 0.221931 0.072727 0.278833
0 0.614117 0.215701 0.054328 0.309986
0 0.575125 0.202458 0.032422 0.214972
0 0.545770 0.182986 0.061336 0.200944
0 0.455086 0.235174 0.044688 0.230542
0 0.449828 0.127688 0.030672 0.084125
0 0.229895 0.197007 0.041180 0.141764
0 0.118176 0.175972 0.057836 0.081000
