0 0.690332 0.762819 0.066445 0.474361
0 0.935824 0.784042 0.089086 0.431917
0 0.868660 0.718625 0.037992 0.158306
0 0.539332 0.724500 0.058414 0.221972
0 0.469980 0.737410 0.071414 0.225375
0 0.343844 0.592799 0.027047 0.166014
0 0.327574 0.685569 0.044367 0.187806
0 0.298844 0.685951 0.046906 0.175042
0 0.158551 0.595431 0.022398 0.165278
0 0.179680 0.574764 0.016484 0.102917
0 0.137637 0.568014 0.023664 0.120944
0 0.122637 0.633368 0.034227 0.226125
0 0.074672 0.627729 0.038031 0.217847
0 0.046785 0.622097 0.024508 0.175028
