0 0.378414 0.791583 0.155969 0.416833
0 0.541391 0.793465 0.112156 0.405014
0 0.659246 0.912306 0.097258 0.175389
0 0.973105 0.835049 0.053789 0.282569
0 0.943160 0.847674 0.046242 0.210931
0 0.897828 0.869847 0.077281 0.233667
0 0.829375 0.875799 0.040156 0.174153
0 0.785867 0.870389 0.022516 0.133056
0 0.759699 0.835236 0.037117 0.263944
0 0.688781 0.826576 0.032797 0.164431
0 0.622793 0.814139 0.076055 0.146028
0 0.061766 0.832160 0.061453 0.335681
0 0.127180 0.813597 0.045031 0.248806
0 0.020691 0.808187 0.041383 0.374292
0 0.204457 0.783306 0.026773 0.166583
0 0.229707 0.777903 0.018867 0.157944
0 0.181973 0.757153 0.019367 0.089528
0 0.286562 0.747826 0.013734 0.075125
0 0.166305 0.764854 0.016547 0.093264
