0 0.820555 0.669535 0.096734 0.660931
0 0.968789 0.690514 0.062422 0.618972
0 0.923703 0.729569 0.108062 0.362167
0 0.485227 0.643243 0.064984 0.433569
0 0.427176 0.622472 0.064258 0.503667
0 0.360363 0.605597 0.054758 0.418000
0 0.331520 0.596507 0.036508 0.355681
0 0.284426 0.585479 0.047461 0.307653
0 0.578637 0.586250 0.034992 0.214556
0 0.622246 0.579937 0.033977 0.237986
0 0.661039 0.578583 0.030422 0.202833
0 0.687910 0.555597 0.027383 0.111778
0 0.691969 0.488444 0.017234 0.069417
0 0.722395 0.539826 0.029414 0.119903
0 0.515152 0.545778 0.028398 0.141528
