0 0.925242 0.630528 0.092109 0.560778
0 0.961676 0.707590 0.076648 0.584819
0 0.825559 0.672028 0.109773 0.477778
0 0.606645 0.642868 0.073180 0.441903
0 0.366281 0.722174 0.281375 0.555653
0 0.505672 0.689458 0.094922 0.446556
0 0.359266 0.486306 0.133625 0.242750
0 0.447711 0.471778 0.039297 0.203583
0 0.412641 0.427458 0.028312 0.102917
0 0.741652 0.723299 0.176648 0.553403
0 0.496094 0.446236 0.032953 0.086389
0 0.525883 0.443604 0.028313 0.093153
0 0.472852 0.434972 0.021969 0.068361
0 0.607648 0.418813 0.021125 0.061597
0 0.562012 0.512722 0.034648 0.202833
