0 0.946559 0.733715 0.076227 0.532569
0 0.981820 0.743840 0.036359 0.512319
0 0.877336 0.786674 0.109531 0.426653
0 0.795406 0.781222 0.099891 0.437556
0 0.721809 0.751708 0.085867 0.459528
0 0.621480 0.746264 0.128805 0.495361
0 0.549773 0.759556 0.070094 0.480306
0 0.470547 0.749319 0.101500 0.501361
0 0.367227 0.755160 0.081781 0.489681
0 0.261715 0.731646 0.098570 0.429681
0 0.190527 0.731646 0.055508 0.364764
0 0.215711 0.757604 0.035781 0.312847
0 0.109473 0.757604 0.067180 0.336208
0 0.064566 0.756951 0.040164 0.366069
0 0.027355 0.754507 0.054711 0.490986
