0 0.848945 0.687222 0.064844 0.414361
0 0.746430 0.724611 0.047313 0.314667
0 0.778848 0.688000 0.040305 0.300639
0 0.692102 0.686444 0.056078 0.341139
0 0.645660 0.695792 0.049070 0.356722
0 0.470418 0.754819 0.152461 0.490361
0 0.288164 0.729118 0.131438 0.541764
0 0.079184 0.785194 0.104273 0.429611
0 0.112918 0.611674 0.085867 0.266375
0 0.039316 0.567278 0.026289 0.162000
0 0.022664 0.511979 0.022781 0.085681
0 0.552422 0.615486 0.038875 0.202833
0 0.583859 0.651694 0.030000 0.148750
0 0.604566 0.595729 0.033383 0.161514
0 0.395605 0.610750 0.042258 0.218611
0 0.450965 0.561924 0.033805 0.146486
0 0.501672 0.582208 0.027047 0.138972
0 0.894020 0.590847 0.030008 0.148750
0 0.924867 0.575819 0.022391 0.099167
0 0.793438 0.574694 0.024062 0.138972
