0 0.316027 0.645701 0.256727 0.708597
0 0.526320 0.604507 0.051703 0.302208
0 0.671336 0.616972 0.047313 0.292861
0 0.811094 0.657472 0.261984 0.682278
0 0.936395 0.616965 0.051695 0.271042
0 0.975387 0.571021 0.024539 0.151097
0 0.484262 0.595160 0.028914 0.255458
0 0.454473 0.601389 0.039430 0.243000
0 0.087855 0.580674 0.049070 0.288181
0 0.185906 0.560889 0.035047 0.258583
0 0.033445 0.549986 0.042063 0.246111
0 0.116684 0.515715 0.028039 0.171347
0 0.584535 0.554139 0.029227 0.103917
0 0.614816 0.551632 0.018664 0.108931
