0 0.035629 0.635104 0.071258 0.376458
0 0.229375 0.629486 0.073078 0.363472
0 0.804691 0.641326 0.041586 0.320014
0 0.731316 0.625826 0.040055 0.147847
0 0.701145 0.626722 0.035492 0.147833
0 0.671480 0.621764 0.030930 0.137917
0 0.560941 0.598326 0.040055 0.150542
0 0.522910 0.598778 0.028898 0.158667
0 0.407531 0.512694 0.021125 0.098083
0 0.379035 0.549681 0.019070 0.164333
0 0.345582 0.539514 0.024945 0.163806
0 0.361430 0.523597 0.019656 0.147639
0 0.318590 0.547069 0.026117 0.175806
0 0.289828 0.558549 0.020828 0.161208
0 0.276621 0.506646 0.020836 0.093903
0 0.253441 0.476646 0.024352 0.062069
