0 0.441105 0.549778 0.069398 0.401528
0 0.688410 0.602729 0.195570 0.794542
0 0.156574 0.584785 0.146367 0.830431
0 0.309859 0.643958 0.117312 0.616806
0 0.522488 0.549778 0.047945 0.370111
0 0.576742 0.510514 0.050469 0.372361
0 0.786195 0.493694 0.035328 0.365639
0 0.827199 0.565472 0.074445 0.518167
0 0.888398 0.546417 0.068141 0.417222
0 0.916156 0.423035 0.032813 0.251236
0 0.971957 0.583424 0.056086 0.782847
0 0.246746 0.510701 0.051117 0.403708
0 0.080559 0.608063 0.074477 0.389431
0 0.022754 0.619743 0.045508 0.529625
