0 0.803996 0.478639 0.148961 0.479778
0 0.672562 0.496562 0.122672 0.528069
0 0.346172 0.677792 0.144578 0.644417
0 0.457891 0.582236 0.056078 0.415917
0 0.510461 0.506681 0.026281 0.258583
0 0.557340 0.576778 0.058711 0.339583
0 0.188449 0.648431 0.062211 0.398778
0 0.276512 0.610271 0.082367 0.409681
0 0.060961 0.584569 0.078859 0.383194
0 0.897578 0.594076 0.036797 0.369181
0 0.940512 0.567590 0.045570 0.415903
0 0.144898 0.393903 0.012266 0.090361
0 0.186059 0.381444 0.022727 0.081000
0 0.531398 0.391813 0.014437 0.125208
0 0.559746 0.387111 0.033805 0.113306
0 0.484742 0.391500 0.022531 0.113306
0 0.417309 0.399007 0.017961 0.134597
0 0.360438 0.382417 0.026766 0.100167
0 0.276770 0.317069 0.012680 0.040694
0 0.229797 0.314813 0.016906 0.061347
0 0.209375 0.376785 0.009156 0.043819
0 0.222227 0.375847 0.013734 0.053222
0 0.255504 0.394312 0.023945 0.090153
