0 0.208117 0.850472 0.066422 0.294778
0 0.261004 0.847493 0.060852 0.301097
0 0.086320 0.849743 0.039047 0.211847
0 0.138801 0.799715 0.036508 0.160458
0 0.115223 0.800618 0.027883 0.146042
0 0.341379 0.833069 0.055273 0.326333
0 0.383211 0.847500 0.041578 0.304694
0 0.418707 0.815944 0.039555 0.228972
0 0.469922 0.835778 0.032453 0.207333
0 0.489441 0.831271 0.030930 0.218153
0 0.517328 0.827208 0.026875 0.222667
0 0.582844 0.837847 0.048172 0.269528
0 0.628129 0.844792 0.035492 0.243389
0 0.702414 0.848847 0.060344 0.269528
0 0.762500 0.843889 0.043609 0.263222
0 0.891555 0.832618 0.090766 0.325431
